2.00E+00	0.00E+00	1.39E-15
1.93E+00	5.18E-01	1.39E-15
1.73E+00	1.00E+00	1.39E-15
1.41E+00	1.41E+00	1.39E-15
1.00E+00	1.73E+00	1.39E-15
5.18E-01	1.93E+00	1.39E-15
1.22E-16	2.00E+00	1.39E-15
-5.18E-01	1.93E+00	1.39E-15
-1.00E+00	1.73E+00	1.39E-15
-1.41E+00	1.41E+00	1.39E-15
-1.73E+00	1.00E+00	1.39E-15
-1.93E+00	5.18E-01	1.39E-15
-2.00E+00	2.45E-16	1.39E-15
-1.93E+00	-5.18E-01	1.39E-15
-1.73E+00	-1.00E+00	1.39E-15
-1.41E+00	-1.41E+00	1.39E-15
-1.00E+00	-1.73E+00	1.39E-15
-5.18E-01	-1.93E+00	1.39E-15
-3.67E-16	-2.00E+00	1.39E-15
5.18E-01	-1.93E+00	1.39E-15
1.00E+00	-1.73E+00	1.39E-15
1.41E+00	-1.41E+00	1.39E-15
1.73E+00	-1.00E+00	1.39E-15
1.93E+00	-5.18E-01	1.39E-15
2.25E+00	0.00E+00	-1.37E-15
2.17E+00	5.82E-01	-1.37E-15
1.95E+00	1.13E+00	-1.37E-15
1.59E+00	1.59E+00	-1.37E-15
1.13E+00	1.95E+00	-1.37E-15
5.82E-01	2.17E+00	-1.37E-15
1.38E-16	2.25E+00	-1.37E-15
-5.82E-01	2.17E+00	-1.37E-15
-1.13E+00	1.95E+00	-1.37E-15
-1.59E+00	1.59E+00	-1.37E-15
-1.95E+00	1.13E+00	-1.37E-15
-2.17E+00	5.82E-01	-1.37E-15
-2.25E+00	2.76E-16	-1.37E-15
-2.17E+00	-5.82E-01	-1.37E-15
-1.95E+00	-1.13E+00	-1.37E-15
-1.59E+00	-1.59E+00	-1.37E-15
-1.13E+00	-1.95E+00	-1.37E-15
-5.82E-01	-2.17E+00	-1.37E-15
-4.13E-16	-2.25E+00	-1.37E-15
5.82E-01	-2.17E+00	-1.37E-15
1.13E+00	-1.95E+00	-1.37E-15
1.59E+00	-1.59E+00	-1.37E-15
1.95E+00	-1.13E+00	-1.37E-15
2.17E+00	-5.82E-01	-1.37E-15
2.50E+00	0.00E+00	-2.15E-15
2.41E+00	6.47E-01	-2.15E-15
2.17E+00	1.25E+00	-2.15E-15
1.77E+00	1.77E+00	-2.15E-15
1.25E+00	2.17E+00	-2.15E-15
6.47E-01	2.41E+00	-2.15E-15
1.53E-16	2.50E+00	-2.15E-15
-6.47E-01	2.41E+00	-2.15E-15
-1.25E+00	2.17E+00	-2.15E-15
-1.77E+00	1.77E+00	-2.15E-15
-2.17E+00	1.25E+00	-2.15E-15
-2.41E+00	6.47E-01	-2.15E-15
-2.50E+00	3.06E-16	-2.15E-15
-2.41E+00	-6.47E-01	-2.15E-15
-2.17E+00	-1.25E+00	-2.15E-15
-1.77E+00	-1.77E+00	-2.15E-15
-1.25E+00	-2.17E+00	-2.15E-15
-6.47E-01	-2.41E+00	-2.15E-15
-4.59E-16	-2.50E+00	-2.15E-15
6.47E-01	-2.41E+00	-2.15E-15
1.25E+00	-2.17E+00	-2.15E-15
1.77E+00	-1.77E+00	-2.15E-15
2.17E+00	-1.25E+00	-2.15E-15
2.41E+00	-6.47E-01	-2.15E-15
2.75E+00	-3.37E-16	0.00E+00
2.66E+00	7.12E-01	0.00E+00
2.38E+00	1.38E+00	0.00E+00
1.94E+00	1.94E+00	0.00E+00
1.38E+00	2.38E+00	0.00E+00
7.12E-01	2.66E+00	0.00E+00
5.05E-16	2.75E+00	0.00E+00
-7.12E-01	2.66E+00	0.00E+00
-1.38E+00	2.38E+00	0.00E+00
-1.94E+00	1.94E+00	0.00E+00
-2.38E+00	1.38E+00	0.00E+00
-2.66E+00	7.12E-01	0.00E+00
-2.75E+00	0.00E+00	0.00E+00
-2.66E+00	-7.12E-01	0.00E+00
-2.38E+00	-1.38E+00	0.00E+00
-1.94E+00	-1.94E+00	0.00E+00
-1.38E+00	-2.38E+00	0.00E+00
-7.12E-01	-2.66E+00	0.00E+00
-1.68E-16	-2.75E+00	0.00E+00
7.12E-01	-2.66E+00	0.00E+00
1.38E+00	-2.38E+00	0.00E+00
1.94E+00	-1.94E+00	0.00E+00
2.38E+00	-1.38E+00	0.00E+00
2.66E+00	-7.12E-01	0.00E+00
3.00E+00	-3.67E-16	0.00E+00
2.90E+00	7.76E-01	0.00E+00
2.60E+00	1.50E+00	0.00E+00
2.12E+00	2.12E+00	0.00E+00
1.50E+00	2.60E+00	0.00E+00
7.76E-01	2.90E+00	0.00E+00
5.51E-16	3.00E+00	0.00E+00
-7.76E-01	2.90E+00	0.00E+00
-1.50E+00	2.60E+00	0.00E+00
-2.12E+00	2.12E+00	0.00E+00
-2.60E+00	1.50E+00	0.00E+00
-2.90E+00	7.76E-01	0.00E+00
-3.00E+00	0.00E+00	0.00E+00
-2.90E+00	-7.76E-01	0.00E+00
-2.60E+00	-1.50E+00	0.00E+00
-2.12E+00	-2.12E+00	0.00E+00
-1.50E+00	-2.60E+00	0.00E+00
-7.76E-01	-2.90E+00	0.00E+00
-1.84E-16	-3.00E+00	0.00E+00
7.76E-01	-2.90E+00	0.00E+00
1.50E+00	-2.60E+00	0.00E+00
2.12E+00	-2.12E+00	0.00E+00
2.60E+00	-1.50E+00	0.00E+00
2.90E+00	-7.76E-01	0.00E+00
3.25E+00	-3.98E-16	0.00E+00
3.14E+00	8.41E-01	0.00E+00
2.81E+00	1.63E+00	0.00E+00
2.30E+00	2.30E+00	0.00E+00
1.63E+00	2.81E+00	0.00E+00
8.41E-01	3.14E+00	0.00E+00
5.97E-16	3.25E+00	0.00E+00
-8.41E-01	3.14E+00	0.00E+00
-1.63E+00	2.81E+00	0.00E+00
-2.30E+00	2.30E+00	0.00E+00
-2.81E+00	1.63E+00	0.00E+00
-3.14E+00	8.41E-01	0.00E+00
-3.25E+00	0.00E+00	0.00E+00
-3.14E+00	-8.41E-01	0.00E+00
-2.81E+00	-1.63E+00	0.00E+00
-2.30E+00	-2.30E+00	0.00E+00
-1.63E+00	-2.81E+00	0.00E+00
-8.41E-01	-3.14E+00	0.00E+00
-1.99E-16	-3.25E+00	0.00E+00
8.41E-01	-3.14E+00	0.00E+00
1.63E+00	-2.81E+00	0.00E+00
2.30E+00	-2.30E+00	0.00E+00
2.81E+00	-1.63E+00	0.00E+00
3.14E+00	-8.41E-01	0.00E+00
3.50E+00	-4.29E-16	0.00E+00
3.38E+00	9.06E-01	0.00E+00
3.03E+00	1.75E+00	0.00E+00
2.47E+00	2.47E+00	0.00E+00
1.75E+00	3.03E+00	0.00E+00
9.06E-01	3.38E+00	0.00E+00
6.43E-16	3.50E+00	0.00E+00
-9.06E-01	3.38E+00	0.00E+00
-1.75E+00	3.03E+00	0.00E+00
-2.47E+00	2.47E+00	0.00E+00
-3.03E+00	1.75E+00	0.00E+00
-3.38E+00	9.06E-01	0.00E+00
-3.50E+00	0.00E+00	0.00E+00
-3.38E+00	-9.06E-01	0.00E+00
-3.03E+00	-1.75E+00	0.00E+00
-2.47E+00	-2.47E+00	0.00E+00
-1.75E+00	-3.03E+00	0.00E+00
-9.06E-01	-3.38E+00	0.00E+00
-2.14E-16	-3.50E+00	0.00E+00
9.06E-01	-3.38E+00	0.00E+00
1.75E+00	-3.03E+00	0.00E+00
2.47E+00	-2.47E+00	0.00E+00
3.03E+00	-1.75E+00	0.00E+00
3.38E+00	-9.06E-01	0.00E+00
3.75E+00	-4.59E-16	0.00E+00
3.62E+00	9.71E-01	0.00E+00
3.25E+00	1.88E+00	0.00E+00
2.65E+00	2.65E+00	0.00E+00
1.88E+00	3.25E+00	0.00E+00
9.71E-01	3.62E+00	0.00E+00
6.89E-16	3.75E+00	0.00E+00
-9.71E-01	3.62E+00	0.00E+00
-1.88E+00	3.25E+00	0.00E+00
-2.65E+00	2.65E+00	0.00E+00
-3.25E+00	1.88E+00	0.00E+00
-3.62E+00	9.71E-01	0.00E+00
-3.75E+00	0.00E+00	0.00E+00
-3.62E+00	-9.71E-01	0.00E+00
-3.25E+00	-1.88E+00	0.00E+00
-2.65E+00	-2.65E+00	0.00E+00
-1.88E+00	-3.25E+00	0.00E+00
-9.71E-01	-3.62E+00	0.00E+00
-2.30E-16	-3.75E+00	0.00E+00
9.71E-01	-3.62E+00	0.00E+00
1.88E+00	-3.25E+00	0.00E+00
2.65E+00	-2.65E+00	0.00E+00
3.25E+00	-1.88E+00	0.00E+00
3.62E+00	-9.71E-01	0.00E+00
4.00E+00	-4.90E-16	0.00E+00
3.86E+00	1.04E+00	0.00E+00
3.46E+00	2.00E+00	0.00E+00
2.83E+00	2.83E+00	0.00E+00
2.00E+00	3.46E+00	0.00E+00
1.04E+00	3.86E+00	0.00E+00
7.35E-16	4.00E+00	0.00E+00
-1.04E+00	3.86E+00	0.00E+00
-2.00E+00	3.46E+00	0.00E+00
-2.83E+00	2.83E+00	0.00E+00
-3.46E+00	2.00E+00	0.00E+00
-3.86E+00	1.04E+00	0.00E+00
-4.00E+00	0.00E+00	0.00E+00
-3.86E+00	-1.04E+00	0.00E+00
-3.46E+00	-2.00E+00	0.00E+00
-2.83E+00	-2.83E+00	0.00E+00
-2.00E+00	-3.46E+00	0.00E+00
-1.04E+00	-3.86E+00	0.00E+00
-2.45E-16	-4.00E+00	0.00E+00
1.04E+00	-3.86E+00	0.00E+00
2.00E+00	-3.46E+00	0.00E+00
2.83E+00	-2.83E+00	0.00E+00
3.46E+00	-2.00E+00	0.00E+00
3.86E+00	-1.04E+00	0.00E+00
4.25E+00	-5.20E-16	0.00E+00
4.11E+00	1.10E+00	0.00E+00
3.68E+00	2.13E+00	0.00E+00
3.01E+00	3.01E+00	0.00E+00
2.13E+00	3.68E+00	0.00E+00
1.10E+00	4.11E+00	0.00E+00
7.81E-16	4.25E+00	0.00E+00
-1.10E+00	4.11E+00	0.00E+00
-2.13E+00	3.68E+00	0.00E+00
-3.01E+00	3.01E+00	0.00E+00
-3.68E+00	2.13E+00	0.00E+00
-4.11E+00	1.10E+00	0.00E+00
-4.25E+00	0.00E+00	0.00E+00
-4.11E+00	-1.10E+00	0.00E+00
-3.68E+00	-2.13E+00	0.00E+00
-3.01E+00	-3.01E+00	0.00E+00
-2.13E+00	-3.68E+00	0.00E+00
-1.10E+00	-4.11E+00	0.00E+00
-2.60E-16	-4.25E+00	0.00E+00
1.10E+00	-4.11E+00	0.00E+00
2.13E+00	-3.68E+00	0.00E+00
3.01E+00	-3.01E+00	0.00E+00
3.68E+00	-2.13E+00	0.00E+00
4.11E+00	-1.10E+00	0.00E+00
4.50E+00	-5.51E-16	0.00E+00
4.35E+00	1.16E+00	0.00E+00
3.90E+00	2.25E+00	0.00E+00
3.18E+00	3.18E+00	0.00E+00
2.25E+00	3.90E+00	0.00E+00
1.16E+00	4.35E+00	0.00E+00
8.27E-16	4.50E+00	0.00E+00
-1.16E+00	4.35E+00	0.00E+00
-2.25E+00	3.90E+00	0.00E+00
-3.18E+00	3.18E+00	0.00E+00
-3.90E+00	2.25E+00	0.00E+00
-4.35E+00	1.16E+00	0.00E+00
-4.50E+00	0.00E+00	0.00E+00
-4.35E+00	-1.16E+00	0.00E+00
-3.90E+00	-2.25E+00	0.00E+00
-3.18E+00	-3.18E+00	0.00E+00
-2.25E+00	-3.90E+00	0.00E+00
-1.16E+00	-4.35E+00	0.00E+00
-2.76E-16	-4.50E+00	0.00E+00
1.16E+00	-4.35E+00	0.00E+00
2.25E+00	-3.90E+00	0.00E+00
3.18E+00	-3.18E+00	0.00E+00
3.90E+00	-2.25E+00	0.00E+00
4.35E+00	-1.16E+00	0.00E+00
4.75E+00	-5.82E-16	0.00E+00
4.59E+00	1.23E+00	0.00E+00
4.11E+00	2.38E+00	0.00E+00
3.36E+00	3.36E+00	0.00E+00
2.38E+00	4.11E+00	0.00E+00
1.23E+00	4.59E+00	0.00E+00
8.73E-16	4.75E+00	0.00E+00
-1.23E+00	4.59E+00	0.00E+00
-2.38E+00	4.11E+00	0.00E+00
-3.36E+00	3.36E+00	0.00E+00
-4.11E+00	2.38E+00	0.00E+00
-4.59E+00	1.23E+00	0.00E+00
-4.75E+00	0.00E+00	0.00E+00
-4.59E+00	-1.23E+00	0.00E+00
-4.11E+00	-2.38E+00	0.00E+00
-3.36E+00	-3.36E+00	0.00E+00
-2.38E+00	-4.11E+00	0.00E+00
-1.23E+00	-4.59E+00	0.00E+00
-2.91E-16	-4.75E+00	0.00E+00
1.23E+00	-4.59E+00	0.00E+00
2.38E+00	-4.11E+00	0.00E+00
3.36E+00	-3.36E+00	0.00E+00
4.11E+00	-2.38E+00	0.00E+00
4.59E+00	-1.23E+00	0.00E+00
5.00E+00	-6.12E-16	0.00E+00
4.83E+00	1.29E+00	0.00E+00
4.33E+00	2.50E+00	0.00E+00
3.54E+00	3.54E+00	0.00E+00
2.50E+00	4.33E+00	0.00E+00
1.29E+00	4.83E+00	0.00E+00
9.18E-16	5.00E+00	0.00E+00
-1.29E+00	4.83E+00	0.00E+00
-2.50E+00	4.33E+00	0.00E+00
-3.54E+00	3.54E+00	0.00E+00
-4.33E+00	2.50E+00	0.00E+00
-4.83E+00	1.29E+00	0.00E+00
-5.00E+00	0.00E+00	0.00E+00
-4.83E+00	-1.29E+00	0.00E+00
-4.33E+00	-2.50E+00	0.00E+00
-3.54E+00	-3.54E+00	0.00E+00
-2.50E+00	-4.33E+00	0.00E+00
-1.29E+00	-4.83E+00	0.00E+00
-3.06E-16	-5.00E+00	0.00E+00
1.29E+00	-4.83E+00	0.00E+00
2.50E+00	-4.33E+00	0.00E+00
3.54E+00	-3.54E+00	0.00E+00
4.33E+00	-2.50E+00	0.00E+00
4.83E+00	-1.29E+00	0.00E+00
5.25E+00	-6.43E-16	0.00E+00
5.07E+00	1.36E+00	0.00E+00
4.55E+00	2.63E+00	0.00E+00
3.71E+00	3.71E+00	0.00E+00
2.63E+00	4.55E+00	0.00E+00
1.36E+00	5.07E+00	0.00E+00
9.64E-16	5.25E+00	0.00E+00
-1.36E+00	5.07E+00	0.00E+00
-2.63E+00	4.55E+00	0.00E+00
-3.71E+00	3.71E+00	0.00E+00
-4.55E+00	2.63E+00	0.00E+00
-5.07E+00	1.36E+00	0.00E+00
-5.25E+00	0.00E+00	0.00E+00
-5.07E+00	-1.36E+00	0.00E+00
-4.55E+00	-2.63E+00	0.00E+00
-3.71E+00	-3.71E+00	0.00E+00
-2.63E+00	-4.55E+00	0.00E+00
-1.36E+00	-5.07E+00	0.00E+00
-3.21E-16	-5.25E+00	0.00E+00
1.36E+00	-5.07E+00	0.00E+00
2.63E+00	-4.55E+00	0.00E+00
3.71E+00	-3.71E+00	0.00E+00
4.55E+00	-2.63E+00	0.00E+00
5.07E+00	-1.36E+00	0.00E+00
5.50E+00	-6.74E-16	0.00E+00
5.31E+00	1.42E+00	0.00E+00
4.76E+00	2.75E+00	0.00E+00
3.89E+00	3.89E+00	0.00E+00
2.75E+00	4.76E+00	0.00E+00
1.42E+00	5.31E+00	0.00E+00
1.01E-15	5.50E+00	0.00E+00
-1.42E+00	5.31E+00	0.00E+00
-2.75E+00	4.76E+00	0.00E+00
-3.89E+00	3.89E+00	0.00E+00
-4.76E+00	2.75E+00	0.00E+00
-5.31E+00	1.42E+00	0.00E+00
-5.50E+00	0.00E+00	0.00E+00
-5.31E+00	-1.42E+00	0.00E+00
-4.76E+00	-2.75E+00	0.00E+00
-3.89E+00	-3.89E+00	0.00E+00
-2.75E+00	-4.76E+00	0.00E+00
-1.42E+00	-5.31E+00	0.00E+00
-3.37E-16	-5.50E+00	0.00E+00
1.42E+00	-5.31E+00	0.00E+00
2.75E+00	-4.76E+00	0.00E+00
3.89E+00	-3.89E+00	0.00E+00
4.76E+00	-2.75E+00	0.00E+00
5.31E+00	-1.42E+00	0.00E+00
5.75E+00	-7.04E-16	0.00E+00
5.55E+00	1.49E+00	0.00E+00
4.98E+00	2.88E+00	0.00E+00
4.07E+00	4.07E+00	0.00E+00
2.88E+00	4.98E+00	0.00E+00
1.49E+00	5.55E+00	0.00E+00
1.06E-15	5.75E+00	0.00E+00
-1.49E+00	5.55E+00	0.00E+00
-2.88E+00	4.98E+00	0.00E+00
-4.07E+00	4.07E+00	0.00E+00
-4.98E+00	2.88E+00	0.00E+00
-5.55E+00	1.49E+00	0.00E+00
-5.75E+00	0.00E+00	0.00E+00
-5.55E+00	-1.49E+00	0.00E+00
-4.98E+00	-2.88E+00	0.00E+00
-4.07E+00	-4.07E+00	0.00E+00
-2.88E+00	-4.98E+00	0.00E+00
-1.49E+00	-5.55E+00	0.00E+00
-3.52E-16	-5.75E+00	0.00E+00
1.49E+00	-5.55E+00	0.00E+00
2.88E+00	-4.98E+00	0.00E+00
4.07E+00	-4.07E+00	0.00E+00
4.98E+00	-2.88E+00	0.00E+00
5.55E+00	-1.49E+00	0.00E+00
6.00E+00	-7.35E-16	0.00E+00
5.80E+00	1.55E+00	0.00E+00
5.20E+00	3.00E+00	0.00E+00
4.24E+00	4.24E+00	0.00E+00
3.00E+00	5.20E+00	0.00E+00
1.55E+00	5.80E+00	0.00E+00
1.10E-15	6.00E+00	0.00E+00
-1.55E+00	5.80E+00	0.00E+00
-3.00E+00	5.20E+00	0.00E+00
-4.24E+00	4.24E+00	0.00E+00
-5.20E+00	3.00E+00	0.00E+00
-5.80E+00	1.55E+00	0.00E+00
-6.00E+00	0.00E+00	0.00E+00
-5.80E+00	-1.55E+00	0.00E+00
-5.20E+00	-3.00E+00	0.00E+00
-4.24E+00	-4.24E+00	0.00E+00
-3.00E+00	-5.20E+00	0.00E+00
-1.55E+00	-5.80E+00	0.00E+00
-3.67E-16	-6.00E+00	0.00E+00
1.55E+00	-5.80E+00	0.00E+00
3.00E+00	-5.20E+00	0.00E+00
4.24E+00	-4.24E+00	0.00E+00
5.20E+00	-3.00E+00	0.00E+00
5.80E+00	-1.55E+00	0.00E+00
6.25E+00	-7.65E-16	0.00E+00
6.04E+00	1.62E+00	0.00E+00
5.41E+00	3.13E+00	0.00E+00
4.42E+00	4.42E+00	0.00E+00
3.13E+00	5.41E+00	0.00E+00
1.62E+00	6.04E+00	0.00E+00
1.15E-15	6.25E+00	0.00E+00
-1.62E+00	6.04E+00	0.00E+00
-3.13E+00	5.41E+00	0.00E+00
-4.42E+00	4.42E+00	0.00E+00
-5.41E+00	3.13E+00	0.00E+00
-6.04E+00	1.62E+00	0.00E+00
-6.25E+00	0.00E+00	0.00E+00
-6.04E+00	-1.62E+00	0.00E+00
-5.41E+00	-3.13E+00	0.00E+00
-4.42E+00	-4.42E+00	0.00E+00
-3.13E+00	-5.41E+00	0.00E+00
-1.62E+00	-6.04E+00	0.00E+00
-3.83E-16	-6.25E+00	0.00E+00
1.62E+00	-6.04E+00	0.00E+00
3.13E+00	-5.41E+00	0.00E+00
4.42E+00	-4.42E+00	0.00E+00
5.41E+00	-3.13E+00	0.00E+00
6.04E+00	-1.62E+00	0.00E+00
6.50E+00	-7.96E-16	0.00E+00
6.28E+00	1.68E+00	0.00E+00
5.63E+00	3.25E+00	0.00E+00
4.60E+00	4.60E+00	0.00E+00
3.25E+00	5.63E+00	0.00E+00
1.68E+00	6.28E+00	0.00E+00
1.19E-15	6.50E+00	0.00E+00
-1.68E+00	6.28E+00	0.00E+00
-3.25E+00	5.63E+00	0.00E+00
-4.60E+00	4.60E+00	0.00E+00
-5.63E+00	3.25E+00	0.00E+00
-6.28E+00	1.68E+00	0.00E+00
-6.50E+00	0.00E+00	0.00E+00
-6.28E+00	-1.68E+00	0.00E+00
-5.63E+00	-3.25E+00	0.00E+00
-4.60E+00	-4.60E+00	0.00E+00
-3.25E+00	-5.63E+00	0.00E+00
-1.68E+00	-6.28E+00	0.00E+00
-3.98E-16	-6.50E+00	0.00E+00
1.68E+00	-6.28E+00	0.00E+00
3.25E+00	-5.63E+00	0.00E+00
4.60E+00	-4.60E+00	0.00E+00
5.63E+00	-3.25E+00	0.00E+00
6.28E+00	-1.68E+00	0.00E+00
